# Luke Ninja native external levels
# generated_at: 2026-05-14T15:22:10.424Z
# Strategy parser trades only the trade/mancini section. Context sections are overlay-only.
# source: artifacts/research/mancini-context-protocol/events.csv
# source_date: 2026-05-14
# target_session: 2026-05-14 ES
trade: 7111.00,7121.00,7129.00,7135.00,7147.00,7153.00,7160.00,7173.00,7182.00,7188.00,7200.00,7207.00,7213.00,7222.00,7231.00,7240.00,7247.00,7257.00,7263.00,7268.00,7273.00,7282.00,7288.00,7300.00,7306.00,7311.00,7319.00,7331.00,7335.00,7343.00,7352.00,7355.00,7368.00,7373.00,7377.00,7383.00,7390.00,7392.00,7402.00,7410.00,7421.00,7427.00,7435.00,7441.00,7447.00,7455.00,7459.00,7467.00
major: 7111.00,7147.00,7160.00,7173.00,7200.00,7213.00,7240.00,7247.00,7268.00,7282.00,7300.00,7311.00,7331.00,7343.00,7368.00,7392.00,7421.00,7441.00,7455.00,7467.00
focus_long: 7111.00,7121.00,7129.00,7135.00,7147.00,7153.00,7160.00,7173.00,7182.00,7188.00,7200.00,7207.00,7213.00,7222.00,7231.00,7240.00,7247.00,7257.00,7263.00,7268.00,7273.00,7282.00,7288.00,7300.00,7306.00,7311.00,7319.00,7331.00,7335.00,7343.00,7352.00,7355.00,7368.00,7373.00,7377.00,7383.00,7390.00,7392.00,7402.00,7410.00,7421.00,7427.00,7435.00,7441.00,7447.00,7455.00,7459.00,7467.00
trigger: 7111.00,7121.00,7129.00,7135.00,7147.00,7153.00,7160.00,7173.00,7182.00,7188.00,7200.00,7207.00,7213.00,7222.00,7231.00,7240.00,7247.00,7257.00,7263.00,7268.00,7273.00,7282.00,7288.00,7300.00,7306.00,7311.00,7319.00,7331.00,7335.00,7343.00,7352.00,7355.00,7368.00,7373.00,7377.00,7383.00,7390.00,7392.00,7402.00,7410.00,7421.00,7427.00,7435.00,7441.00,7447.00,7455.00,7459.00,7467.00
target_only: 
read_reaction: 7111.00,7121.00,7129.00,7135.00,7147.00,7153.00,7160.00,7173.00,7182.00,7188.00,7200.00,7207.00,7213.00,7222.00,7231.00,7240.00,7247.00,7257.00,7263.00,7268.00,7273.00,7282.00,7288.00,7300.00,7306.00,7311.00,7319.00,7331.00,7335.00,7343.00,7352.00,7355.00,7368.00,7373.00,7377.00,7383.00,7390.00,7392.00,7402.00,7410.00,7421.00,7427.00,7435.00,7441.00,7447.00,7455.00,7459.00,7467.00
